number1
1 1 0 0 1 1
1 1 1 0 1 1
1 1 1 0 1 1
1 1 1 0 1 1
1 1 1 0 1 1

number2
1 0 0 0 1 1
1 1 1 0 1 1
1 0 0 0 1 1
1 0 1 1 1 1
1 0 0 0 1 1

number6
1 0 0 0 1 1
1 0 1 1 1 1
1 0 0 0 1 1
1 0 1 0 1 1
1 0 0 0 1 1

number8
1 0 0 0 1 1
1 0 1 0 1 1
1 0 0 0 1 1
1 0 1 0 1 1
1 0 0 0 1 1

number9
1 0 0 0 1 1
1 0 1 0 1 1
1 0 0 0 1 1
1 1 1 0 1 1
1 0 0 0 1 1

number7
1 0 0 0 1 1
1 0 1 0 1 1
1 1 1 0 1 1
1 1 1 0 1 1
1 1 1 0 1 1

number4
1 0 1 0 1 1
1 0 1 0 1 1
1 0 0 0 1 1
1 1 1 0 1 1
1 1 1 0 1 1
1 1 1 1 1 1
