number1 :  
data = [[1, 1, 0, 0, 1, 1],
		    [1, 1, 1, 0, 1, 1],
		    [1, 1, 1, 0, 1, 1],
		    [1, 1, 1, 0, 1, 1],
		    [1, 1, 1, 0, 1, 1],]

number2 :
data = [[1, 0, 0, 0, 1, 1],
		[1, 1, 1, 0, 1, 1],
		[1, 0, 0, 0, 1, 1],
		[1, 0, 1, 1, 1, 1],
		[1, 0, 0, 0, 1, 1],]

number6:
data = [[1, 0, 0, 0, 1, 1],
		[1, 0, 1, 1, 1, 1],
		[1, 0, 0, 0, 1, 1],
		[1, 0, 1, 0, 1, 1],
		[1, 0, 0, 0, 1, 1],]

number8: 
data = [[1, 0, 0, 0, 1, 1],
		[1, 0, 1, 0, 1, 1],
		[1, 0, 0, 0, 1, 1],
		[1, 0, 1, 0, 1, 1],
		[1, 0, 0, 0, 1, 1],]

number9:
data = [[1, 0, 0, 0, 1, 1],
		[1, 0, 1, 0, 1, 1],
		[1, 0, 0, 0, 1, 1],
		[1, 1, 1, 0, 1, 1],
		[1, 0, 0, 0, 1, 1],]

number7:
data = [[1, 0, 0, 0, 1, 1],
		[1, 0, 1, 0, 1, 1],
		[1, 1, 1, 0, 1, 1],
		[1, 1, 1, 0, 1, 1],
		[1, 1, 1, 0, 1, 1],]

number4:
data = [[1, 0, 1, 0, 1, 1],
		[1, 0, 1, 0, 1, 1],
		[1, 0, 0, 0, 1, 1],
		[1, 1, 1, 0, 1, 1],
		[1, 1, 1, 0, 1, 1],
		[1, 1, 1, 1, 1, 1]]